00100000
00010000
00000000
00000001
00100000
00010001
00000000
00100011
00100000
00010010
00000000
01000101
00100000
00010011
00000000
01100111
00100010
00010100
00000000
10001001
10101110
00010001
00000000
00000000
00000010
00110000
10101000
00100010
00000010
00110000
10110000
00100000
00000010
01110010
10111000
00100000
00000000
00010100
01000000
00100000
00000010
10010101
01000000
00100000
10001110
00001001
00000000
00000000
00001000
00000000
00000000
00001100
00100000
00000000
00000000
00000000