00100000
00001000
00000000
00000100
00100000
00000000
00000000
00001010
00100000
00000000
00000000
00001011
00100000
00000000
00000000
00001100
10001101
00010001
00000000
00000000
10001101
00010010
00000000
00000100
00000000
00000000
10011000
00100000
00100000
00000000
00000000
00001101
00100010
00110001
00000000
00000001
00100000
00000000
00000000
00001101
00100000
00000000
00000000
00001111
00100000
00000000
00000000
00011010
00010010
00110010
00000000
00000110
00100000
00000000
00000000
00011011
00100000
00000000
00000000
00011100
00100000
00000000
00000000
00011101
00000010
01110001
10011000
00100000
00001000
00000000
00000000
00000111
00100000
00000000
00000000
00011110
00000010
01110010
10011000
00100010
00100000
00000000
00000000
00101010
00100000
00000000
00000000
00101011
00100000
00000000
00000000
00101100
10101101
00010011
00000000
00001000
00100000
00000000
00000000
00111010
00100000
00000000
00000000
00111011
00100000
00000000
00000000
00111100
10001101
00010011
00000000
00001000
00001000
00000000
00000000
00011011
00100000
00000000
00000000
01001010